9.900990099009899376e-03
1.093645469746679956e-02
1.208021014519419963e-02
1.334358168914159988e-02
1.473907898301470010e-02
1.628051995020270148e-02
1.798316759827070163e-02
1.986388113841600078e-02
2.194128290428500050e-02
2.423594272003589539e-02
2.677058153888259989e-02
2.957029636205029885e-02
3.266280865562919827e-02
3.607873871078710187e-02
3.985190864270159866e-02
4.401967699674819851e-02
4.862330822799699331e-02
5.370838064239419340e-02
5.932523673470729147e-02
6.552948022742599576e-02
7.238168141951979717e-02
7.993915670373949456e-02
8.826910868886220229e-02
9.744975503902129910e-02
1.075729520253209948e-01
1.187383046897169947e-01
1.310517136359860002e-01
1.446353711692119903e-01
1.596198802428870078e-01
1.761530602569920112e-01
1.939900626719059940e-01
2.117193777749759864e-01
2.292483573552270004e-01
2.462461015489670058e-01
2.639070694833470232e-01
2.823082528940469849e-01
3.002926078326860204e-01
3.173957327442989973e-01
3.342427564959120079e-01
3.511885835723950189e-01
3.678124630517520810e-01
3.843006156378960259e-01
4.013840760321900070e-01
4.186221345241000202e-01
4.351314489957600617e-01
4.507650544856640074e-01
4.675374829675150168e-01
4.852559209206499524e-01
5.029240901305900291e-01
5.193988728056050386e-01
5.350362534518420254e-01
5.511469593317019910e-01
5.678271607801069765e-01
5.851893484395680467e-01
6.029936277983799497e-01
6.206060980376499892e-01
6.378620073670649981e-01
6.555949708732330405e-01
6.735979123008130065e-01
6.902706870863619670e-01
7.073406025179890255e-01
7.251902960804760268e-01
7.441785091127309792e-01
7.646243201339200102e-01
7.868685380129559759e-01
8.104326615874900552e-01
8.356249727749870404e-01
8.618398998637919473e-01
8.884280745824569836e-01
9.161561362915310314e-01
9.453287821324720674e-01
9.755844365793899797e-01
1.000000000000000000e+00